 VAR Order Selection (* highlights the minimums)  
==================================================
       AIC         BIC         FPE         HQIC   
--------------------------------------------------
0       -31.12      -31.11   3.064e-14      -31.11
1       -31.14     -31.13*   2.982e-14     -31.14*
2       -31.15      -31.11   2.975e-14      -31.13
3      -31.15*      -31.10  2.974e-14*      -31.13
4       -31.15      -31.09   2.978e-14      -31.12
5       -31.14      -31.07   2.979e-14      -31.12
6       -31.14      -31.06   2.988e-14      -31.11
7       -31.14      -31.05   2.981e-14      -31.11
8       -31.14      -31.03   2.983e-14      -31.10
9       -31.14      -31.02   2.985e-14      -31.10
10      -31.14      -31.00   2.989e-14      -31.09
11      -31.14      -30.99   2.993e-14      -31.09
12      -31.14      -30.98   2.993e-14      -31.08
13      -31.14      -30.96   2.996e-14      -31.08
14      -31.14      -30.95   3.005e-14      -31.07
15      -31.14      -30.93   3.001e-14      -31.07
16      -31.14      -30.92   3.005e-14      -31.06
17      -31.13      -30.90   3.013e-14      -31.05
18      -31.13      -30.89   3.016e-14      -31.05
19      -31.13      -30.88   3.013e-14      -31.04
20      -31.13      -30.86   3.009e-14      -31.04
--------------------------------------------------